% The coefficients are stored in the vector A and the pole
% locations are stored in the vector P.  The pole at zero and
% the pole at infinity are not written.  The first and last 
% coefficients correspond to the poles at zero and infinity,
% respectivily.

% 
% This M-File was generated by ElectronicsDesktop

A = zeros(2,1);
P = zeros(0,1);
A1 = zeros(2,2);
A1(1,1) = 0.010248113884999 + 5.1912085885559e-019i;
A1(1,2) = -0.0099426373187375 + -2.1630035785649e-019i;
A1(2,1) = -0.0099426373187375 + -2.1630035785649e-019i;
A1(2,2) = 0.010221143903209 + -1.5573625765668e-018i;
A2 = zeros(2,2);
A2(1,1) = 0.0012500040491487 + -3.8282260496403e-018i;
A2(1,2) = 0.0027492535833271 + -3.6750970076547e-018i;
A2(2,1) = 0.0027492535833271 + -3.6750970076547e-018i;
A2(2,2) = 0.0010868766585366 + -4.9001293435396e-018i;
